0 0.9390625 0.5296875 0.121875 0.059375
0 0.89296875 0.8046875 0.1734375 0.1375
0 0.8421875 0.68671875 0.2953125 0.15
0 0.85 0.38046875 0.3 0.1546875
0 0.80703125 0.09921875 0.3859375 0.1796875
0 0.778125 0.24765625 0.4234375 0.178125
0 0.6484375 0.91484375 0.40625 0.1609375
0 0.6953125 0.44765625 0.3390625 0.1453125
0 0.63046875 0.5953125 0.3984375 0.1625
0 0.59375 0.8125 0.4046875 0.159375
0 0.4921875 0.71640625 0.3953125 0.146875
0 0.49765625 0.52578125 0.3484375 0.153125
0 0.4578125 0.21171875 0.4 0.1515625
0 0.31953125 0.4125 0.3953125 0.203125
0 0.34140625 0.04375 0.3609375 0.0875
0 0.1671875 0.7046875 0.2953125 0.1671875
0 0.2046875 0.14453125 0.2703125 0.146875
0 0.1421875 0.5234375 0.140625 0.08125
0 0.084375 0.30078125 0.1421875 0.0921875
0 0.08125 0.053125 0.0890625 0.065625