0 0.940625 0.49140625 0.11875 0.0484375
0 0.91796875 0.76953125 0.1640625 0.1234375
0 0.85703125 0.65625 0.2859375 0.125
0 0.846875 0.35 0.30625 0.128125
0 0.7921875 0.071875 0.415625 0.14375
0 0.7546875 0.22421875 0.4125 0.1421875
0 0.684375 0.9 0.396875 0.1265625
0 0.68984375 0.43046875 0.3296875 0.1171875
0 0.63828125 0.58359375 0.3890625 0.1296875
0 0.6203125 0.803125 0.3953125 0.125
0 0.5109375 0.71640625 0.3875 0.1140625
0 0.5 0.52578125 0.3390625 0.1234375
0 0.4328125 0.21640625 0.390625 0.1171875
0 0.3125 0.42890625 0.38125 0.1703125
0 0.30078125 0.04375 0.3546875 0.0875
0 0.1859375 0.7328125 0.284375 0.1421875
0 0.175 0.171875 0.2609375 0.125
0 0.1453125 0.5546875 0.134375 0.0703125
0 0.06875 0.3375 0.1359375 0.08125
0 0.04375 0.09140625 0.084375 0.0578125