0 0.93125 0.4078125 0.1265625 0.0703125
0 0.934375 0.684375 0.13125 0.153125
0 0.8640625 0.58515625 0.271875 0.1765625
0 0.81171875 0.28671875 0.325 0.184375
0 0.70546875 0.0671875 0.4359375 0.134375
0 0.69765625 0.18046875 0.4328125 0.21875
0 0.75703125 0.8578125 0.4140625 0.2
0 0.6734375 0.3953125 0.3453125 0.178125
0 0.6515625 0.55546875 0.40625 0.2015625
0 0.67578125 0.77421875 0.4125 0.1984375
0 0.55234375 0.71015625 0.4015625 0.1859375
0 0.5046875 0.525 0.35625 0.1859375
0 0.3796875 0.234375 0.40625 0.1890625
0 0.30234375 0.465625 0.40625 0.240625
0 0.2171875 0.08984375 0.365625 0.153125
0 0.2359375 0.78828125 0.30625 0.19375
0 0.12890625 0.2390625 0.2578125 0.171875
0 0.1625 0.62109375 0.1453125 0.0953125
0 0.059375 0.421875 0.11875 0.10625
0 0.01015625 0.18515625 0.0203125 0.0734375